
c0 = [
7.215377000000e+02 0.000000000000e+00 6.095593000000e+02 0.000000000000e+00;
0.000000000000e+00 7.215377000000e+02 1.728540000000e+02 0.000000000000e+00;
0.000000000000e+00 0.000000000000e+00 1.000000000000e+00 0.000000000000e+00;
];

c1 = [
7.215377000000e+02 0.000000000000e+00 6.095593000000e+02 -3.875744000000e+02;
0.000000000000e+00 7.215377000000e+02 1.728540000000e+02 0.000000000000e+00;
0.000000000000e+00 0.000000000000e+00 1.000000000000e+00 0.000000000000e+00;
];

c2 = [
7.215377000000e+02 0.000000000000e+00 6.095593000000e+02 4.485728000000e+01;
0.000000000000e+00 7.215377000000e+02 1.728540000000e+02 2.163791000000e-01;
0.000000000000e+00 0.000000000000e+00 1.000000000000e+00 2.745884000000e-03;
];

c3 = [
7.215377000000e+02 0.000000000000e+00 6.095593000000e+02 -3.395242000000e+02;
0.000000000000e+00 7.215377000000e+02 1.728540000000e+02 2.199936000000e+00;
0.000000000000e+00 0.000000000000e+00 1.000000000000e+00 2.729905000000e-03;
];

c0_i = c0(1:3,1:3) \ c0;
c1_i = c1(1:3,1:3) \ c1;
c2_i = c2(1:3,1:3) \ c2;
c3_i = c3(1:3,1:3) \ c3;
